Data Analysis Report
====================
Summary Statistics:
            Rank    Country  Country Code       Gold     Silver     Bronze      Total
count  74.000000  74.000000     74.000000  74.000000  74.000000  74.000000  74.000000
mean   53.540541  45.229730     45.445946   1.135135   1.283784   2.000000   4.418919
std    20.877457  26.409083     26.646412   1.185810   1.329541   1.687991   2.979412
min    16.000000   0.000000      0.000000   0.000000   0.000000   0.000000   1.000000
25%    36.250000  22.250000     22.250000   0.000000   0.000000   1.000000   2.000000
50%    53.500000  47.500000     47.000000   1.000000   1.000000   2.000000   4.000000
75%    72.750000  67.750000     68.750000   2.000000   2.000000   3.000000   7.000000
max    84.000000  90.000000     90.000000   4.000000   5.000000   6.000000  12.000000

Analysis Results:
{'KMeans': array([1, 1, 1, 0, 1, 1, 0, 3, 3, 1, 3, 3, 3, 3, 3, 3, 1, 1, 3, 0, 1, 3,
       0, 0, 1, 0, 0, 1, 1, 0, 1, 0, 1, 0, 3, 0, 1, 3, 3, 2, 1, 0, 0, 2,
       0, 2, 2, 2, 3, 0, 2, 2, 2, 0, 2, 2, 0, 0, 2, 2, 2, 2, 3, 0, 2, 2,
       0, 0, 2, 2, 2, 2, 2, 2])}